-26.819817188694145
-82.01311777955388
-6.431074345204248
-47.98100538678473
4.430121565015465
-102.61224609713763
-32.48659222523171
-62.879638158349636
22.403443082666378
9.267813288304296
86.11208058330071
1.450730055466483
13.188489707112247
-85.35692597673892
-12.158647814965997
-29.767570872441137
6.570124003230703
-87.22687832716166
-2.463720417726589
20.348495140321322
18.85586370866615
5.14813185844614
-41.26968451116251
44.025204079237426
-20.83560606243993
-45.73245869429414
-40.29773989378197
-47.588452281359125
58.36257313872295
-37.796656226474255
12.25572556295348
-1.5711500441247743
29.860809208369055
-19.499428090480656
-21.458703635645787
32.79043501913549
-1.6869088162746664
-41.93969625934301
49.470400501920835
-29.904242271425954
1.0231655883639377
-110.02196842520114
-11.828546203727733
32.088108962130214
45.13623176893468
-41.669689576805766
-69.54391249042396
-50.100948278272945
-13.419918955820062
-7.851594609069608
-60.16719839515536
107.02158928148025
-17.45820857487286
3.2489416810209555
36.97925992964595
-41.758031148225115
-16.851541446895318
1.2341964568975055
-82.09717179961929
-43.07621075852754
13.112882957332324
-31.700791402773625
-34.04470523436422
43.136844265642964
-0.2459776974974197
-11.291377734277711
45.62383330577897
-65.34873779169354
-53.805947310768175
-48.02989624594706
69.5950500008656
35.22704868104801
-31.806671533922817
13.893897360907253
-55.24726032398932
78.0658427149321
-67.52884029975027
29.99190094287148
-33.66692710168597
-46.14908947266235
-77.47480304032509
-24.384987503199863
2.8726668952208243
-52.481031819711234
51.3907855397003
-13.85684753471269
-39.1405840680043
-47.596842086634794
-29.860539619238594
-43.10341988774701
-63.326387742691175
-91.3701137293612
12.45016595588504
6.0589149032513205
40.5406082155272
13.532739982265724
57.26226519491786
-63.15237593532256
1.7003646773592607
21.941064046789933
-17.995857016412657
-58.63213346451513
-12.303145937966653
21.3658913462901
-52.89753209084974
35.69922822223099
57.70620219667033
-18.18892161148583
-75.31490235645126
-16.46036914620608
-27.511243392118715
-53.70598764713004
42.07951786575736
39.51069314034984
13.179665833406638
7.24225656344359
80.65125745620401
22.512264419495224
-19.978000100730352
-75.4277788257703
-25.330735588123737
-5.424472607780709
-61.75841337489989
8.031484464993856
-0.8525036162976818
-35.90808326897775
-62.12044512135708
5.079297662293158
40.36248119194151
10.22363634290133
-17.740025720917508
40.176420539082436
-4.492770384036334
-40.32879950459623
-17.361887589798332
-45.3783203610678
12.341016901892072
-107.80012155215924
-62.26312679139144
19.302093840880858
25.063621986252564
-27.83756136383043
-31.70154862342448
-97.85896875598343
18.96970030444279
-27.569670385617975
10.632126532836473
16.75506903478249
-52.97740410451668
16.947491888265418
16.376924871674337
22.915427234599086
-1.124058569038068
-48.286994034574434
-87.55689883187983
15.775882043880625
7.686091464426141
-35.27571291145351
-63.879815482114466
42.43911727030424
-9.007817415198748
78.4717738465326
-36.46158723490666
-6.959055709207204
53.28387353852372
-3.4837085728087516
-10.435040633505007
-56.59719822864325
36.10868320403911
-11.810769579986296
-2.1251710591775126
33.277331907582564
-51.42800375619938
52.59385200046026
2.3216025735167136
-3.403569370673739
-39.803032769123355
-40.96838445256907
19.744669868276773
9.649131887611919
-17.545431847145668
-73.9937747649302
40.31630470335418
-85.38312645807729
39.91566723258064
35.767334614864744
-50.139895636939016
3.7902532677743395
71.19994044124883
7.371440083100506
60.458080401421924
-11.264944659060296
40.15225828923369
47.41402104780249
-19.76300626459377
14.124181156139862
-79.84568592714689
18.39169790502873
-28.51767743721458
-24.570728371278
-66.86365739102843
-34.796912481090885
14.029128625848365
4.069644695641763
-50.75655606046482
-51.38328165089308
-0.2710817249003554
-3.017764161410124
5.394121996964804
-43.913234996068255
32.4098026244848
62.632165267638996
-49.30021585179706
4.788811877215835
26.490528225934277
-4.26067787855505
33.41861161603581
-5.577908646913668
35.21371647967172
-30.95453221475534
5.212771049600432
-11.874156590616973
35.66386914797734
-64.75245632408465
64.93613261160897
-31.04565766129826
-12.266406435346028
-85.49665216510782
30.856729284065267
-76.90895084512623
-22.23043935866601
-102.7722693266401
-31.698825326654685
-48.56003258825501
-81.05836137563776
52.661489388198866
-22.326928014531678
-32.78329852623236
10.01127992431691
-23.38536851004086
-6.983823585242098
-28.531407994487086
19.2566866551682
-48.09638958763584
41.24758134656096
-80.04043629463827
19.947634783545254
-3.112334615047862
22.999812079502647
-1.592429701947614
-63.13533821358392
-44.721468852818
7.4470570360479975
-16.594506969655846
9.882006234442684
-0.22243171629830805
-72.45652813725644
-16.92191132144305
32.33249737310525
19.488483901104235
2.188738132248748
-51.34527827532061
-47.5531981178629
52.95183559378833
14.476192882264222
7.508545734151319
-103.32435444149124
-77.68976317691565
60.34525929728447
-8.716380049083348
26.564512877271824
11.223970517429482
-10.46493517669468
-128.67757115871876
-78.21525629446097
26.037332815921914
36.61944616572052
10.095322332233565
-39.466633052534306
39.121057900178464
45.18136833722455
-49.49279613950223
-40.239994989927936
-47.091937489344396
-104.15568762117765
44.38034008049855
-22.582647930297025
-75.9379624462306
2.4799369706394163
-55.67100525384797
-99.4607276277268
-31.12645311627328
-16.948830294547342
30.130522501370407
49.11387418839963
2.2940296543573844
-2.7860127565990673
135.0118976975358
-39.54952158696043
-9.926995290862987
0.494557791271216
-3.9327027422233494
-61.68399628753598
-7.832410199358765
-104.09215241590512
-9.983374443956203
-8.256130997946531
-58.61819526981896
-80.67892936806462
-38.17653898204297
-86.37574831703566
-40.58912996547467
0.28783375140591794
-93.18019784611623
51.8925791944568
-62.70110544029281
-58.08641021864944
-86.3107712851161
18.34554466987851
-12.701130606833008
-2.8482890524332873
-18.541785913737886
-63.13501819686252
54.16608402821363
7.035146146746918
-50.90131068096545
-30.65051682915198
-93.57731553512671
53.83232638082151
-57.52751383020119
-12.412258501373454
-128.91402924896522
57.626439029781764
-50.76528190027307
-10.023298010359001
-10.030788463812005
-50.65582909154869
-24.09053838838588
6.490742930137106
31.373559720021433
6.199258492392573
48.52900176599144
-112.8306396208171
-32.97064809461843
-17.90067978621762
-33.59736155831641
11.13169942443238
-51.4207860668178
27.408851176534434
33.93099173734357
-68.24490062348747
-69.66903193862092
31.973090851141947
86.4128477797126
19.05334296887616
-17.241544592335355
44.70071142217133
-89.8827415761127
-4.817667054034153
-25.325758294025803
2.868971248679287
30.022013356380924
-74.34174666481755
38.98834965477126
-32.60401641982375
-57.585255803021354
84.63822210634405
-52.11347026026944
5.07027913831697
-56.700913490932265
-9.759321933929034
-85.54271750571694
-76.31725708583156
-66.47153779626734
-29.629014508929725
29.31433082700741
67.19491107620901
-66.12074149470423
72.03848414937333
-98.317197891263
16.813347790217136
-17.90206942812215
4.604337578320692
-92.1510258143965
-18.170836980089977
-11.439263102888335
-79.42950312504003
-21.840803547629864
50.50830711033121
-23.01057835835435
35.68783977658094
-16.77921305092917
-73.72098647921092
33.677856638274065
2.157625490631247
-49.61633291971128
41.566406100029525
-75.27173983705734
18.053064884444588
-54.34317782364896
-75.06631398221715
-17.244590675074093
-43.154401517228564
15.755019869982647
-105.95659920887434
-87.17986836069586
-26.301409219243897
12.816628578549931
-71.39721015531575
-26.99658253380575
-2.4379133847777705
5.403782254162545
-7.3275044565253005
47.16833815290107
-3.3761617438138707
-65.64818924223218
-13.675835120520388
-53.85616721472104
86.26991340772518
-57.2251908746921
27.913511284818988
18.48675754900531
-80.0834018977042
-39.32687164268914
-13.201034608199983
18.639187465852142
7.006383391614321
-40.03568880323646
37.98314888717959
-38.755165953895926
-29.695958907606958
-16.832559579534625
10.13017609324228
31.88869649360663
-90.46149542260595
71.25981310886225
-47.91932373880577
5.984133498479203
-12.028714512256286
62.14528067272627
9.445154377206222
-13.13289825215232
11.735132049150895
37.6341721558528
-43.68293923033771
-37.0780074733895
21.40347033699426
-10.560186561438424
-56.74549462684404
-51.45161917792473
-53.026706664982875
37.07561943522946
-15.963063973191066
-19.404015664917683
53.64034079412197
-56.078048943251865
-9.800232300305643
-62.24549797616537
32.86595324526471
5.582073534430123
62.64043568577752
13.22696289412319
-22.627024811730237
0.9748038486710335
-56.429147658449295
6.997643071550289
-72.99311402447752
63.95520701433206
-34.36824594892457
-42.17055253904669
-101.87476819294235
-29.01442071930057
6.120725413198283
-68.99821686225094
11.547558378746693
15.875915849935929
62.44806338742167
-52.43426452032811
-43.46281223817559
44.96763005022037
-3.1206330404691647
-59.833831753668434
0.7310137974558515
55.37873690370897
-31.7272955797048
43.899584538906936
-41.73324445344876
42.096674659474516
-6.382734678043612
38.9821872955628
-55.45940954713858
-27.932427654581232
-35.48007225348294
11.00880158357041
53.88684740269437
5.276030145684452
15.976980067466272
-43.30414069075646
-34.78916602965256
21.224624742813194
-59.56196894782491
68.12162948351873
13.345951105334855
67.5667728157414
-90.91382227596114
-27.113162655247308
-19.3299828864253
23.561927734115088
15.576307546386378
17.90421055660334
82.4851027270003
-62.61091337585334
-5.572483563674522
-34.630958352522846
37.24696927371704
-56.0924199235988
18.216278712675223
-4.418647577935337
-16.865362253772712
28.896110846124735
22.900295711313035
-22.800139936844275
-58.96060963585718
-10.73678080537955
-40.78750568995794
-58.93635609351901
18.421138456710032
-16.51369717432403
-28.862932347538234
-61.14266337022988
-61.410650128327056
-4.171440249213093
37.92758049879866
-67.04595881807177
-5.6265427940220505
-0.2204050873535941
61.60766336390972
70.96487370894586
16.04346169010839
-15.990453041643795
-11.507094234688342
15.520374718593587
13.553791620062185
-17.499865296053127
-5.5915666100904815
-3.7457568551529663
6.329806003677767
-1.42339151710177
-44.574550321646726
9.063602648333056
-45.93550419870934
56.657270651343865
7.18046197907017
-24.623805236272663
-42.66723920132475
49.2498549068977
-7.4353638606626635
41.39642229576935
30.515613057881723
-32.17656989246838
-48.22037212884295
-69.65311753321635
0.8537991038118093
32.84400699652548
51.795033203670194
23.07866796788668
35.200094647598306
-88.98378757441661
41.46584637749717
22.78326202500198
-13.842851154348192
-5.139716787134285
2.104925358698715
6.396370158246185
-67.09670446550287
-25.733002872522995
26.242898436726996
-42.206411676378714
-101.5420628219524
-5.252616164161968
-81.73941171876719
-59.82707653291906
12.923703912604068
41.099543292689965
-74.1648767922027
5.053576377577679
-55.46461961457588
15.67595931828546
-44.764498783011575
-1.6579465256685584
4.511722035724359
-82.18438292335027
-46.67798944327648
-40.75002715855477
58.527209894560926
-77.18869440071549
-44.154820699437856
-27.794388903014838
21.036028523033956
-47.61309862703225
-72.8122013376991
43.621153864894616
20.700003842592814
-56.551840489716625
28.38273709573472
19.571217987952473
-9.204181081828398
-0.2951621164178686
19.913912489219204
-31.787274674449932
-13.144624854693653
-43.897344266466725
69.85107125168487
8.441563544036313
-59.858921492799574
-37.43826918477852
-23.448234524231694
39.047002857629025
-6.172088984826234
-20.435167655346294
-52.68329984865379
18.705495393878426
59.94675592335909
-4.986565124802402
-14.831516790766429
-5.560492874207222
-59.09651618794172
10.858825788722942
44.42686945515934
-36.37351287426061
-34.85545744390732
-6.3373471195743605
123.37756505399288
-93.73042480122207
-5.044050319650561
-28.685315414541773
-1.8636733832095373
-26.468805405723074
-5.248575714261993
-65.60193392150481
0.8846915901396581
-40.7259520946523
-8.35823044593795
-6.6105605976209665
-53.62578224740479
33.82352444682444
76.17849729466163
-29.786429615810544
8.919128551623672
100.48583377292542
-35.25129777074477
-0.5893985626510485
-68.1517724724527
-62.49373586034201
-2.1461169739630357
-22.8631607356897
-47.58891319801978
-66.9867793108462
104.30850357469022
-9.736042197466347
-24.380047879984815
14.447509677170686
-67.59992266303419
-15.888318853661044
-11.079727405758533
103.29265801405084
-69.25923922787132
20.942875180657886
-37.91853000127901
-71.77086018211209
-7.802368364178358
-13.298077878767113
45.94917282116789
11.411430619770751
48.80793236948233
-40.43062959626431
12.001590308656638
55.6405378496346
-109.31616965793106
-67.10749727722371
-114.25326390604953
-15.182364527952753
-68.00457104412236
3.5127561193179737
-37.88740106232896
9.595522091282948
-38.609548001774286
16.74362277109175
-100.30018474168091
-8.593613450784968
3.183964830597823
-81.06358183879551
-59.55744344608498
44.860301805709035
-12.589793293777522
-15.904354689314362
-51.26333115093914
-1.3561782249772012
-37.765590022043526
53.922076681152376
-45.12983406738918
9.785991386420356
-52.15757581434224
44.872835024867285
98.35471823435009
38.901735874081595
-56.39123407368564
-44.92817758297828
-71.34623152026907
-22.19270490673342
-69.04980689781826
55.49735314467803
37.35891329646717
-10.482838612710195
12.060636471380935
-63.96018912476816
-50.44098316747241
-72.37790849806822
4.134299103656609
-47.31536249765655
14.066815238448932
46.328720586150965
32.07255600397921
-4.099855258325031
-56.18757980708178
27.854311205698643
-44.24105452803048
58.85686345326825
36.303033948560014
-11.87873826345502
-31.41478024470173
45.85731228356804
20.69061989985552
-27.839742805553552
-11.28209516332856
-9.922366167810074
-20.783364821985913
-103.39973877086548
89.36872556961775
-23.799508026214674
25.515765544929664
71.70403718816623
-59.56324311881441
24.468028964425137
-44.476114534491614
66.54054169779452
2.1920041193840483
-21.66589056315552
40.33597921861494
44.54297572659437
2.8077189644906575
48.08686308209028
-78.64177610352586
-5.405484931923228
-67.39125351536612
-57.43242413935446
-38.45944987610437
-55.04778165171173
17.00578447358554
-34.630355040566016
-41.67575595361026
-97.24666821350631
98.82950981906355
-62.285127426766195
19.993560747164235
-59.35227772085352
-2.635825553431255
-100.85776565741251
30.118103327179924
-96.91019846969532
56.06792168680337
106.26921611685161
5.4897464663105335
-30.70842294161003
-56.87519506401456
-76.33817519749897
63.65120375213634
-128.1895962981294
-1.1885910523339334
14.659516116503031
-41.06900035176354
-37.165711631284324
-3.781516096449824
50.577276489920024
30.705527291521406
-72.99322843909258
66.16572544865424
32.58867308151156
34.21368771661702
-69.01291158848589
-28.857910463854843
-15.335644469521908
-38.464826224457894
22.71778905084573
56.052003399183846
23.92832926498388
73.29389268418187
-52.02206603548512
-46.11566173439299
34.87041935556732
47.22750483159005
-27.703707334485586
-18.890106632329726
21.403445629837677
15.73847221101861
108.4575454864944
-1.130676520329576
-28.817922375319146
-42.64078600534435
-13.31641497327158
-96.54154469486777
28.20529214485679
35.434445579119625
27.77755903899522
-41.781721547319634
-78.36331496600677
-75.04552508897807
38.31613720700951
-38.094468647368075
-65.57079656583296
-71.37833667938901
-15.090262470168053
-75.08326744856409
-42.80697695048293
-10.595022894849693
-60.95035944014635
-20.62549177688061
14.084090060173548
-54.46889968647308
12.739296019297925
-1.627578540971708
-35.13639041072916
-35.51283931283961
-74.13533092017407
-27.74377952448392
6.07234099355648
1.6819551153152492
36.97177360026999
22.00689019981875
-9.663817858309226
-30.17629510265733
-75.8893621284979
-106.34081131454589
42.83662453603811
26.423404682680605
64.0657761696088
-34.96983971440786
-131.36737317448973
-44.725704651527835
71.624836352086
-6.68478295208333
-36.104479313335695
-14.067156699137062
-19.582846656988966
-63.25270351887087
-28.403721551589932
-36.90667943429492
-143.54559363399846
-63.867529493058015
-53.58664526238681
39.90582528000495
-16.556474099036706
-30.614344852811367
-28.799406637961322
-56.64536946145542
41.853175459958905
-43.40584672691298
13.298822444201743
-2.1253264770225666
-33.33536260598341
80.72275928235295
-32.752393677448865
45.007478949319875
-93.0021305132544
28.879610691106677
-43.24824765561979
-39.182073633369356
26.929651232555614
6.9137532463098665
-7.703415503523088
23.153499236879725
-43.9572064345771
12.40837089494956
-25.33863496687834
-54.8457391147503
-83.58697912931238
-30.051014121951845
-56.78644268815209
-35.83940165681583
5.112399221333941
-42.36558636853644
3.134404512540229
-45.98605869473601
-28.73187506986016
-3.907696720707815
-50.166564808153396
19.278137812134784
-175.2825105179993
26.900064465580144
-6.020778303153207
-42.561645014011056
53.85207558667122
-5.451247676592665
-33.460211218183524
-4.458885849182798
-53.275617220902404
38.95987571203887
-47.07917740580263
-5.696029471753187
103.38114930432805
-19.315235850861512
22.256051216641126
22.179446858881875
-3.3037183176212332
41.05933530325869
7.058193958747879
-25.10245230417603
-66.36286967469267
-23.884645811430836
12.684768072218127
-57.84906355689854
-48.58795211673283
-25.95001802884545
-40.509927852951726
-10.311290349117936
-4.380368628909503
56.58767510103998
-27.699059736511295
10.675448620314747
-1.7337534150019636
61.60125609275791
-36.869118774724804
31.300688326463657
-2.401860496576168
-10.54603453980464
22.857421180235328
27.34271381518458
-42.410029409328025
-61.761911116874614
-10.90539654491477
-64.49878742717397
85.80339679875978
1.48689658811651
-34.253633043557414
-30.133374929781574
-83.90289327309782
-5.445745495965051
-24.767951672610746
29.641567149828475
-8.69888635872748
-35.58397708098799
5.404298299166408
28.468668429416944
30.72718188871294
-50.19677250594976
8.719045854103488
16.493770775411942
73.79689348471362
67.03922505146073
-66.80822766912179
-30.880960741208032
45.7809419839588
7.757292659594238
-40.53638189194304
-23.563137163061615
-59.03788788460402
-9.778142982192506
-50.737171358110245
-11.039159560578929
21.097035005997647
-0.7612683358598638
-21.879199367849225
-44.3997351116179
-84.53386165688258
0.7201426145969396
29.524224349934364
-60.294183715353455
43.1023053643898
-53.119440190062825
-76.55240942466959
18.678486689338275
-6.800032299980233
-80.09543270173437
82.16927432440646
21.241434809252997
-4.252209076890714
-15.25433529577353
-8.569332037746843
-68.54169966599761
42.75523665541028
-23.314393440719858
-15.235274793962791
30.107340857409426
53.542686775266894
11.458150486183861
9.533925980409709
-44.12790476410101
-26.864320744637826
-4.3255425926304945
-53.16691154638828
